# Myzel-Sonde Studio#403 -- 2026-08-18T05:43:25+02:00
# Karte=Conatus First Map 0.1 Zelle=2,2 Wachstum=16/30F Frames=18000
# Engine=/home/chede/RecoilEngine/build/spring-headless
#
frame    spielzeit kacheln      einheiten features  ms_je_simframe zeitraffer  rss_MiB 
900      30.0      1/16384      0         1060      6.011          5.5         3728    
1800     60.0      17/16384     0         1060      2.991          11.1        3728    
2700     90.0      497/16384    0         1060      2.712          12.3        3729    
3600     120.0     977/16384    0         1060      2.626          12.7        3729    
4500     150.0     1457/16384   0         1060      2.591          12.9        3729    
5400     180.0     1937/16384   0         1060      2.576          12.9        3729    
6300     210.0     2417/16384   0         1060      2.571          13.0        3729    
7200     240.0     2897/16384   0         1060      2.567          13.0        3729    
8100     270.0     3377/16384   0         1060      2.563          13.0        3729    
9000     300.0     3857/16384   0         1060      2.567          13.0        3729    
9900     330.0     4337/16384   0         1060      2.564          13.0        3729    
10800    360.0     4817/16384   0         1060      2.564          13.0        3729    
11700    390.0     5297/16384   0         1060      2.562          13.0        3729    
12600    420.0     5777/16384   0         1060      2.566          13.0        3729    
13500    450.0     6257/16384   0         1060      2.563          13.0        3729    
14400    480.0     6737/16384   0         5156      2.596          12.8        3730    
15300    510.0     7217/16384   0         5156      2.533          13.2        3739    
16200    540.0     7697/16384   0         5156      2.566          13.0        3739    
17100    570.0     8177/16384   0         5156      2.563          13.0        3739    
18000    600.0     8657/16384   0         5156      2.564          13.0        2586    
